-1.051500000000000057e+02
-9.504999999999999716e+01
-9.060000000000000853e+01
-1.066500000000000057e+02
-1.000000000000000000e+02
-5.229999999999994031e+01
-1.409499999999998181e+02
-2.000000000000000000e+02
-1.149999999999996589e+02
5.232500000000001137e+02
3.500000000000042633e+01
3.500000000000074607e+01
6.009500000000007276e+02
1.225000000000063949e+01
-3.069999999999998863e+01
6.274500000000003865e+02
6.151500000000005457e+02
1.115000000000017621e+01
7.198999999999981583e+02
-8.499999999999921840e+01
3.500000000000044764e+01
5.000000000000343725e+00
6.256500000000004320e+02
3.506499999999983856e+02
2.149999999999987494e+02
8.765499999999985903e+02
3.500000000000034106e+01
4.500000000000037659e+01
9.500000000000032685e+01
8.749999999999977263e+01
7.185999999999978627e+02
6.202500000000002274e+02
3.500000000000081002e+01
4.500000000000066791e+01
1.050000000000007674e+02
6.026500000000006594e+02
5.339999999999889724e+01
1.449999999999972147e+02
7.409999999999905640e+01
1.815000000000034674e+01
6.015500000000001819e+02
5.167999999999999545e+02
7.194999999999987494e+01
3.574500000000002728e+02
8.550999999999992269e+02
-1.859999999999955378e+01
1.749999999999969873e+02
1.050000000000007674e+02
1.649999999999969305e+02
6.035500000000004093e+02
5.403999999999999773e+02
5.080000000000000000e+02
-8.154999999999984084e+01
1.949999999999969589e+02
5.569999999999976126e+01
1.499999999999996447e+01
6.193000000000005230e+02
7.500000000000082423e+01
6.579499999999992497e+02
1.499999999999989697e+01
7.105000000000003979e+01
8.500000000000082423e+01
6.364999999999982947e+02
2.949999999999969305e+02
-3.829999999999961346e+01
6.013500000000001364e+02
1.499999999999994671e+01
1.349999999999976410e+02
1.549999999999969305e+02
1.449999999999976978e+02
5.490000000000000000e+02
-2.000000000000000000e+02
-1.750000000000013927e+02
5.191000000000000227e+02
8.500000000000082423e+01
5.839500000000000455e+02
6.593500000000001364e+02
1.050000000000007816e+02
9.500000000000082423e+01
1.849999999999974989e+02
4.999999999999935163e+00
2.499999999999996447e+01
5.500000000000081002e+01
9.500000000000079581e+01
-4.999999999999855227e+00
-1.500000000000006750e+01
-2.500000000000005684e+01
-5.000000000000071942e+00
2.500000000000019540e+01
1.250000000000007248e+02
1.749999999999976978e+02
-2.000000000000000000e+02
5.160000000000000000e+02
1.549999999999998010e+02
5.131000000000000227e+02
1.500000000000033040e+01
2.499999999999980105e+01
-3.074999999999980105e+01
9.500000000000082423e+01
5.478000000000000682e+02
-9.040000000000000568e+01
3.500000000000016342e+01
5.240499999999999545e+02
3.500000000000082423e+01
-8.499999999999972999e+01
5.000000000000089706e+00
3.500000000000076028e+01
9.500000000000082423e+01
2.649999999999974989e+02
-5.364999999999955804e+01
7.500000000000082423e+01
-4.499999999999920419e+01
-4.500000000000017053e+01
4.486000000000003070e+02
-2.500000000000014211e+01
-2.500000000000019185e+01
-3.574999999999941735e+01
5.247500000000000000e+02
-1.500000000000015987e+01
-4.500000000000014211e+01
2.649999999999969873e+02
6.500000000000081002e+01
-2.500000000000014921e+01
-4.999999999999901412e+00
5.370000000000000000e+02
1.499999999999989697e+01
5.500000000000081002e+01
5.932500000000000000e+02
9.500000000000068212e+01
1.349999999999975273e+02
5.247999999999999545e+02
2.249999999999969589e+02
7.500000000000082423e+01
1.050000000000008242e+02
1.349999999999977831e+02
2.049999999999972999e+02
5.111999999999999886e+02
5.924500000000006139e+02
1.449999999999984652e+02
-9.634999999999999432e+01
-3.784999999999985931e+01
-1.080499999999999829e+02
2.549999999999971578e+02
-8.500000000000156319e+01
7.500000000000049738e+01
6.678999999999981583e+02
5.651500000000005457e+02
5.314000000000004320e+02
-6.279999999999930083e+01
1.349999999999999147e+02
5.000000000000494715e+00
4.500000000000048317e+01
2.500000000000008882e+01
2.202999999999981924e+02
1.749999999999969305e+02
-9.799999999999471356e+00
4.500000000000082423e+01
8.500000000000021316e+01
-4.289999999999986358e+01
2.949999999999971010e+02
1.050000000000005542e+02
6.500000000000082423e+01
3.500000000000061107e+01
-1.550000000000027001e+02
5.908500000000007049e+02
6.115500000000007503e+02
5.500000000000043343e+01
1.549999999999998010e+02
2.500000000000022737e+01
8.789999999999898250e+01
-5.274999999999963052e+01
-2.904999999999979821e+01
-1.350000000000001421e+02
8.500000000000081002e+01
2.749999999999971010e+02
1.499999999999988987e+01
5.450000000000000000e+02
-9.644999999999998863e+01
5.400124791776761413e-13
-9.120000000000001705e+01
8.500000000000075318e+01
-6.499999999999934630e+01
1.949999999999980389e+02
5.973500000000003638e+02
-2.500000000000015632e+01
4.500000000000056843e+01
1.150000000000004263e+02
1.150000000000007674e+02
5.000000000000043521e+00
5.500000000000082423e+01
1.150000000000001563e+02
4.500000000000082423e+01
8.500000000000082423e+01
8.500000000000081002e+01
2.499999999999990763e+01
6.299999999999542410e+00
5.982000000000000455e+02
5.423000000000001819e+02
6.500000000000081002e+01
9.500000000000082423e+01
4.500000000000073186e+01
6.499999999999991473e+01
6.500000000000038369e+01
2.500000000000033040e+01
6.500000000000082423e+01
4.500000000000071054e+01
1.050000000000008242e+02
-4.499999999999953104e+01
1.499999999999988987e+01
6.500000000000054001e+01
6.118500000000007049e+02
-9.510000000000000853e+01
5.384499999999999318e+02
6.112500000000001137e+02
5.918500000000007049e+02
5.000000000000025757e+00
1.349999999999998295e+02
6.452000000000000455e+02
5.280999999999999091e+02
-9.675000000000000000e+01
5.243500000000000227e+02
6.232500000000000000e+02
5.000000000000574651e+00
8.500000000000081002e+01
5.953500000000004775e+02
-9.049999999999798206e+00
5.500000000000082423e+01
2.449999999999972147e+02
7.170999999999996817e+02
8.499999999999953104e+01
8.500000000000082423e+01
-8.749999999999246825e+00
-9.499999999999918998e+01
3.500000000000004263e+01
2.849999999999978968e+02
5.491000000000000227e+02
5.499999999999987210e+01
5.500000000000082423e+01
8.500000000000081002e+01
2.049999999999982094e+02
4.500000000000080291e+01
6.999499999999998181e+02
6.500000000000082423e+01
-1.174500000000000171e+02
8.500000000000082423e+01
-1.206499999999999631e+02
6.311999999999998181e+02
1.649999999999975557e+02
-6.665000000000000568e+01
-8.279999999999999716e+01
4.500000000000082423e+01
1.849999999999974989e+02
-5.589999999999969305e+01
1.150000000000008242e+02
5.967000000000006139e+02
4.659999999999990905e+01
-2.500000000000018474e+01
1.150000000000007674e+02
-1.499999999999969447e+01
9.500000000000082423e+01
-3.499999999999989342e+01
2.500000000000078160e+01
-2.000000000000000000e+02
-1.266000000000000796e+02
5.358000000000004093e+02
-1.049999999999994458e+02
1.549999999999978115e+02
1.849999999999969305e+02
-4.499999999999958078e+01
5.500000000000082423e+01
5.591000000000005912e+02
6.500000000000082423e+01
-4.500000000000002842e+01
-1.950000000000008811e+02
3.500000000000067502e+01
-1.799999999999957367e+01
-3.499999999999987921e+01
-1.076499999999999915e+02
-2.000000000000000000e+02
-1.066499999999999915e+02
-1.057500000000000000e+02
5.185000000000000000e+02
6.007500000000002274e+02
5.424499999999999318e+02
6.594999999999995453e+02
-2.000000000000000000e+02
1.649999999999991473e+02
-5.499999999999951683e+01
-3.499999999999995737e+01
-9.835000000000002274e+01
1.449999999999969589e+02
-2.500000000000020606e+01
6.500000000000082423e+01
-8.499999999999975842e+01
6.566499999999988404e+02
3.500000000000082423e+01
5.381499999999999773e+02
4.581500000000002615e+02
-1.350000000000000568e+02
1.849999999999976410e+02
1.249999999999979963e+02
-1.149999999999995310e+02
5.447000000000000455e+02
-2.000000000000000000e+02
6.675000000000000000e+02
-3.614999999999998437e+01
5.128999999999999773e+02
1.050000000000006821e+02
-2.500000000000017764e+01
2.049999999999982379e+02
-9.829999999999986926e+01
-1.271500000000000341e+02
8.500000000000082423e+01
5.716500000000006594e+02
5.000000000000203393e+00
-1.050499999999999972e+02
-5.499999999999963052e+01
5.635500000000000682e+02
-1.739999999999998863e+02
-1.353000000000000114e+02
-2.000000000000000000e+02
6.472999999999976808e+02
-3.499999999999988631e+01
-2.000000000000000000e+02
1.749999999999982094e+02
5.792000000000006139e+02
3.500000000000017764e+01
-2.000000000000000000e+02
-5.499999999999937472e+01
-3.169999999999993179e+01
4.500000000000019185e+01
6.755000000000000000e+02
1.949999999999993463e+02
-4.499999999999968736e+01
-1.149999999999992895e+02
-2.000000000000000000e+02
1.450000000000003979e+02
5.500000000000078160e+01
-1.165000000000000142e+02
-1.037500000000000568e+02
-2.000000000000000000e+02
6.136500000000000909e+02
5.583500000000002501e+02
7.500000000000079581e+01
4.500000000000021316e+01
-4.999999999999952927e+00
6.535499999999992724e+02
-1.650000000000012790e+02
-9.499999999999945999e+01
5.528500000000000227e+02
6.531499999999999773e+02
6.336000000000003638e+02
-1.087499999999999858e+02
-1.500000000000000000e+01
6.873999999999997499e+02
-1.105000000000000000e+02
5.166000000000000227e+02
-1.149999999999992184e+02
-5.569999999999995310e+01
7.052999999999999545e+02
6.575999999999999091e+02
1.649999999999995737e+02
6.321000000000003638e+02
1.250000000000005542e+02
6.229500000000000455e+02
5.853000000000001819e+02
1.050000000000008242e+02
5.495000000000000000e+02
3.500000000000071054e+01
3.500000000000026290e+01
1.749999999999978968e+02
6.500000000000082423e+01
5.513000000000004093e+02
1.749999999999976978e+02
-9.020000000000000284e+01
-1.483499999999999659e+02
1.150000000000008100e+02
5.495000000000000000e+02
1.449999999999992042e+02
6.130500000000000682e+02
6.500000000000082423e+01
1.149999999999983658e+02
-3.149999999999963052e+01
6.267000000000001592e+02
-1.444000000000000057e+02
-5.000000000000039968e+00
6.755000000000001137e+02
5.742000000000002728e+02
-8.100000000000001421e+01
-7.499999999999991473e+01
3.440499999999983061e+02
7.170999999999997954e+02
-2.000000000000000000e+02
-9.009999999999999432e+01
5.544500000000000455e+02
1.449999999999970157e+02
2.149999999999979821e+02
7.095499999999999545e+02
6.159500000000002728e+02
-2.499999999999960920e+01
-1.009000000000000057e+02
-2.000000000000000000e+02
-2.000000000000000000e+02
2.749999999999975557e+02
7.500000000000082423e+01
5.500000000000012790e+01
-1.500000000000006395e+01
5.222999999999999545e+02
-8.815000000000003411e+01
-8.020000000000000284e+01
5.983500000000003638e+02
-9.029999999999999716e+01
6.727500000000000000e+02
7.267999999999998408e+02
-7.499999999999926104e+01
-1.127999999999999972e+02
5.004999999999745341e+01
5.296000000000000227e+02
-8.600000000000005684e+01
-9.764999999999999147e+01
1.150000000000007248e+02
4.999999999999890754e+00
-3.499999999999980105e+01
5.607000000000001592e+02
5.410999999999999091e+02
5.493999999999999773e+02
6.129500000000000455e+02
5.991499999999999773e+02
5.325500000000000682e+02
-1.175500000000000398e+02
2.349999999999983231e+02
6.088999999999999773e+02
6.088000000000000682e+02
-2.000000000000000000e+02
5.729500000000006139e+02
5.345499999999999545e+02
6.525499999999999545e+02
5.456000000000001364e+02
-1.650000000000029559e+02
-1.777499999999998863e+02
5.301499999999999773e+02
1.649999999999981242e+02
3.500000000000063949e+01
-2.000000000000000000e+02
2.505000000000039506e+01
-1.007500000000000142e+02
6.898999999999988404e+02
1.500000000000027711e+01
7.002500000000001137e+02
5.138999999999999773e+02
6.088000000000000682e+02
-1.562499999999990337e+02
6.085000000000000000e+02
5.189499999999999318e+02
5.415499999999999545e+02
-2.000000000000000000e+02
-1.010000000000000000e+02
6.564499999999998181e+02
8.499999999999994316e+01
3.129999999999998863e+02
6.285000000000000000e+02
5.197999999999999545e+02
5.197999999999999545e+02
-1.101500000000000341e+02
5.544500000000000455e+02
5.439500000000000455e+02
-2.499999999999983658e+01
1.822999999999988177e+02
-4.499999999999959499e+01
6.000500000000000682e+02
6.740999999999996817e+02
-5.499999999999927525e+01
-2.000000000000000000e+02
-4.289999999999985647e+01
5.343500000000000227e+02
-6.359999999999992326e+01
-7.565000000000013358e+01
6.561999999999995907e+02
5.881000000000000227e+02
6.158000000000007503e+02
5.499999999999980815e+01
5.345499999999999545e+02
5.098000000000000114e+02
5.876500000000000909e+02
8.279999999999992610e+01
6.370000000000001137e+02
2.449999999999993463e+02
6.627499999999997726e+02
8.500000000000082423e+01
5.780000000000001137e+02
5.346499999999999773e+02
5.979500000000003865e+02
6.268500000000003638e+02
6.382999999999999545e+02
-1.500000000000009592e+01
9.500000000000038369e+01
6.730499999999999545e+02
6.006500000000002046e+02
6.533499999999985448e+02
5.776000000000000227e+02
6.225500000000000682e+02
5.544500000000000455e+02
5.694000000000005457e+02
5.900500000000000682e+02
6.309500000000000455e+02
9.500000000000082423e+01
1.499999999999979039e+01
9.500000000000038369e+01
6.229000000000003183e+02
6.505500000000001819e+02
-1.108999999999998920e+02
5.195000000000000000e+02
-2.000000000000000000e+02
6.037500000000000000e+02
5.783000000000000682e+02
6.287000000000000455e+02
6.055000000000000000e+02
5.966500000000004320e+02
5.145499999999999545e+02
6.037500000000000000e+02
6.562999999999999545e+02
5.785000000000000000e+02
8.183499999999989996e+02
3.500000000000071054e+01
6.499499999999997044e+02
6.012500000000002274e+02
-6.499999999999972999e+01
5.841499999999999773e+02
5.786000000000000227e+02
5.828000000000004093e+02
6.781999999999999318e+02
5.396000000000000227e+02
6.846999999999991360e+02
1.150000000000008242e+02
6.633499999999999091e+02
6.811999999999983402e+02
5.593999999999999773e+02
7.318499999999997954e+02
5.641499999999999773e+02
1.745999999999993975e+02
7.029499999999991360e+02
1.150000000000001847e+02
5.583999999999999773e+02
1.250000000000008100e+02
6.847999999999991587e+02
6.548999999999991815e+02
6.037500000000000000e+02
6.031500000000000909e+02
6.758000000000000682e+02
7.177999999999998408e+02
6.234500000000000455e+02
3.948999999999996930e+02
6.385499999999992724e+02
6.386500000000000909e+02
6.699499999999992497e+02
7.278500000000000227e+02
-1.500000000000012079e+01
-4.999999999999958256e+00
5.544500000000000455e+02
8.015499999999996135e+02
6.236500000000000909e+02
5.244499999999999318e+02
6.765999999999995680e+02
6.781999999999999318e+02
5.792000000000000455e+02
5.885000000000000000e+02
2.925000000000025580e+01
-1.041499999999999631e+02
-3.209999999999999432e+01
5.343500000000000227e+02
5.888000000000000682e+02
6.031500000000000909e+02
-6.119999999999995310e+01
-1.137000000000000171e+02
5.788000000000000682e+02
6.565000000000001137e+02
-2.000000000000000000e+02
5.344499999999999318e+02
6.227500000000000000e+02
1.849999999999970157e+02
5.292999999999999545e+02
6.576000000000000227e+02
6.180000000000001137e+02
5.098000000000000114e+02
7.027499999999998863e+02
-4.999999999999725553e+00
7.500000000000082423e+01
5.786000000000000227e+02
6.230500000000000682e+02
7.511499999999998636e+02
6.632500000000000000e+02
6.680000000000000000e+02
5.897500000000002274e+02
6.036500000000000909e+02
6.421500000000000909e+02
7.357999999999999545e+02
6.592499999999997726e+02
6.230500000000000682e+02
3.500000000000058975e+01
5.886000000000000227e+02
5.340499999999999545e+02
5.500000000000082423e+01
6.035500000000000682e+02
6.363999999999998636e+02
-6.499999999999936051e+01
5.339499999999999318e+02
6.520499999999998408e+02
6.456499999999988404e+02
6.912499999999996589e+02
6.218500000000001364e+02
6.727499999999998863e+02
6.426499999999999773e+02
6.829499999999999318e+02
5.831500000000000909e+02
1.949999999999972999e+02
6.577999999999999545e+02
5.986000000000000227e+02
5.395000000000000000e+02
5.045000000000000000e+02
4.241499999999997499e+02
5.593999999999999773e+02
6.385000000000000000e+02
6.364000000000000909e+02
5.732500000000000000e+02
5.377999999999999545e+02
6.182000000000000455e+02
6.135500000000000682e+02
6.526999999999987949e+02
5.821499999999999773e+02
6.862999999999994998e+02
5.341499999999999773e+02
6.236500000000000909e+02
6.580000000000000000e+02
5.396000000000000227e+02
5.544500000000000455e+02
5.939500000000000455e+02
2.049999999999969305e+02
5.820500000000001819e+02
6.314000000000002046e+02
5.642500000000000000e+02
6.085000000000000000e+02
5.329499999999999318e+02
7.098499999999992269e+02
5.930500000000000682e+02
6.065499999999999545e+02
-8.029999999999999716e+01
5.334500000000000455e+02
7.354999999999993179e+02
5.973500000000003638e+02
6.480999999999999091e+02
1.317499999999996589e+02
5.346499999999999773e+02
6.880999999999999091e+02
6.729999999999992042e+02
6.329500000000000455e+02
6.774999999999997726e+02
6.129500000000000455e+02
6.263000000000001819e+02
-5.499999999999948841e+01
6.088999999999999773e+02
7.073999999999998636e+02
6.829499999999998181e+02
2.500000000000033040e+01
6.137500000000000000e+02
6.814499999999995907e+02
-4.704999999999934346e+01
5.720500000000001819e+02
-3.500000000000122213e+01
6.482999999999999545e+02
6.576999999999999318e+02
8.500000000000082423e+01
6.023500000000001364e+02
2.149999999999970441e+02
6.031500000000000909e+02
6.180000000000000000e+02
6.329500000000000455e+02
5.886000000000000227e+02
5.544500000000000455e+02
5.792000000000000455e+02
7.043999999999998636e+02
5.544500000000000455e+02
6.375999999999999091e+02
1.150000000000002984e+02
6.434500000000000455e+02
-1.000999999999999943e+02
5.890000000000000000e+02
7.323499999999997954e+02
8.215499999999996135e+02
7.293000000000002956e+02
6.036499999999999773e+02
1.549999999999970157e+02
9.450000000000287059e+00
5.933500000000000227e+02
6.286000000000000227e+02
6.729499999999999318e+02
6.580000000000000000e+02
5.295000000000000000e+02
-1.073499999999999943e+02
6.870999999999996817e+02
5.593999999999999773e+02
5.492000000000000455e+02
4.996499999999999773e+02
5.753999999999999773e+02
6.286000000000000227e+02
6.924499999999998181e+02
7.362999999999996135e+02
5.500000000000082423e+01
-6.109999999999996589e+01
5.510500000000001819e+02
8.210499999999994998e+02
6.672999999999997272e+02
-7.499999999999997158e+01
4.500000000000082423e+01
2.049999999999976410e+02
-8.180000000000002558e+01
6.087500000000003411e+02
7.028499999999999091e+02
-5.274999999999958078e+01
1.500000000000041567e+01
-7.340000000000004832e+01
6.450000000000002842e+01
7.099999999999981810e+02
1.749999999999973852e+02
6.379000000000000909e+02
6.751499999999988404e+02
6.055000000000002274e+02
-1.499999999999985789e+01
-1.053499999999999943e+02
1.449999999999992326e+02
5.588999999999999773e+02
4.500000000000082423e+01
-3.309999999999985221e+01
6.087000000000000455e+02
6.271499999999986130e+02
6.367000000000000455e+02
-4.554999999999999005e+01
-1.874999999999981526e+01
3.250000000000034106e+01
6.037500000000000000e+02
6.353000000000001819e+02
8.262999999999994998e+02
5.787999999999999545e+02
2.049999999999969873e+02
6.088000000000000682e+02
7.229000000000000909e+02
-1.124500000000000455e+02
6.960499999999983629e+02
5.392999999999999545e+02
6.622500000000000000e+02
7.099499999999992497e+02
5.881000000000000227e+02
1.403999999999981867e+02
5.642500000000000000e+02
6.224500000000000455e+02
5.935500000000000682e+02
5.741499999999999773e+02
5.491000000000000227e+02
1.192499999999990337e+02
5.817500000000001137e+02
6.655999999999999091e+02
6.670999999999996817e+02
5.098000000000000114e+02
5.867000000000001592e+02
5.790000000000000000e+02
6.333500000000000227e+02
5.098000000000000114e+02
6.088000000000000682e+02
-6.719999999999993179e+01
7.125499999999998408e+02
8.008499999999994543e+02
7.022499999999997726e+02
5.466000000000001364e+02
6.465999999999997954e+02
6.561999999999994770e+02
5.365999999999999091e+02
5.339499999999999318e+02
5.098999999999999773e+02
6.324500000000000455e+02
2.149999999999969589e+02
-8.050000000000000000e+01
6.332500000000000000e+02
-8.050000000000000000e+01
7.593499999999992269e+02
6.069500000000001592e+02
6.085000000000000000e+02
7.975999999999994543e+02
7.276999999999998181e+02
6.031500000000000909e+02
-2.000000000000000000e+02
6.017000000000003865e+02
7.162999999999998408e+02
6.389499999999995907e+02
-7.050000000000000000e+01
7.892499999999990905e+02
5.543500000000000227e+02
7.275999999999997954e+02
6.675000000000000000e+02
5.778000000000000682e+02
5.761000000000004775e+02
5.495000000000000000e+02
2.499999999999980815e+01
8.511499999999995225e+02
6.510999999999983174e+02
6.773999999999999773e+02
6.231500000000000909e+02
1.499999999999980460e+01
6.381000000000000227e+02
6.805499999999993861e+02
6.923499999999996817e+02
5.049499999999999886e+02
5.938500000000000227e+02
5.996500000000002046e+02
7.071999999999998181e+02
7.274999999999997726e+02
6.745000000000001137e+02
5.641499999999999773e+02
6.065000000000001137e+02
5.542500000000000000e+02
5.346499999999999773e+02
5.388000000000000682e+02
5.786000000000000227e+02
5.049499999999999886e+02
1.524499999999997613e+02
5.691000000000000227e+02
7.286999999999977717e+02
6.530499999999999545e+02
1.050000000000008100e+02
-9.139999999999999147e+01
1.850000000000150635e+00
5.581000000000000227e+02
2.649999999999970441e+02
6.335500000000000682e+02
8.147499999999979536e+02
5.839500000000000455e+02
2.285000000000066223e+01
8.500000000000078160e+01
6.233500000000000227e+02
6.318500000000001364e+02
6.791500000000000909e+02
5.936500000000005457e+02
3.694999999999993179e+01
6.874999999999998863e+02
6.384000000000000909e+02
6.237500000000000000e+02
5.934500000000000455e+02
3.739999999999994316e+02
1.471499999999986130e+02
5.346499999999999773e+02
6.618499999999996817e+02
5.486000000000000227e+02
5.835499999999999545e+02
5.938500000000000227e+02
8.445999999999992269e+02
6.582999999999999545e+02
7.766999999999995907e+02
6.082000000000000455e+02
5.391000000000000227e+02
7.943999999999995225e+02
1.575000000000044054e+01
7.023499999999997954e+02
6.019500000000001592e+02
2.550000000000110845e+00
7.959499999999983402e+02
1.449999999999969873e+02
5.784000000000000909e+02
7.172999999999997272e+02
6.727500000000000000e+02
1.150000000000006963e+02
7.175999999999999091e+02
5.948000000000001819e+02
6.088999999999999773e+02
7.253999999999994088e+02
-9.504999999999999716e+01
-5.409999999999988063e+01
6.077000000000000455e+02
6.088000000000000682e+02
5.722500000000000000e+02
-4.999999999999951150e+00
5.574000000000000909e+02
5.811500000000002046e+02
6.868999999999998636e+02
-1.013499999999999943e+02
6.336500000000000909e+02
-9.170000000000000284e+01
7.090499999999990450e+02
1.050000000000352429e+00
6.233500000000000227e+02
6.678999999999999773e+02
6.641999999999991360e+02
5.090999999999999659e+02
6.728499999999992269e+02
7.005499999999993861e+02
6.655999999999994543e+02
-1.051500000000000057e+02
6.037500000000000000e+02
5.740499999999999545e+02
6.580000000000000000e+02
6.560999999999994543e+02
7.101499999999999773e+02
5.385500000000001819e+02
7.500000000000082423e+01
4.999999999999851674e+00
5.742500000000000000e+02
-2.999999999999857891e+00
5.049499999999999886e+02
6.134500000000000455e+02
6.211500000000002046e+02
6.577999999999999545e+02
7.500000000000038369e+01
7.172999999999997272e+02
6.878999999999998636e+02
8.298499999999994543e+02
6.429499999999976581e+02
5.831500000000000909e+02
6.033500000000000227e+02
-5.714999999999933067e+01
6.235500000000000682e+02
6.866999999999995907e+02
7.726999999999998181e+02
1.196499999999991246e+02
7.365499999999989313e+02
6.133500000000000227e+02
6.434500000000000455e+02
7.742999999999991587e+02
-1.449999999999978684e+01
1.449999999999970157e+02
-9.654999999999999716e+01
5.277999999999999545e+02
5.792000000000000455e+02
-9.584999999999999432e+01
6.925499999999999545e+02
6.384000000000000909e+02
7.322499999999984084e+02
7.172999999999997272e+02
-1.499999999999975486e+01
5.672000000000001592e+02
5.593999999999999773e+02
7.407499999999993179e+02
6.435499999999999545e+02
6.866999999999974307e+02
5.994500000000002728e+02
5.148500000000000227e+02
5.148500000000000227e+02
6.828999999999987267e+02
6.481000000000000227e+02
6.620499999999999545e+02
5.049499999999999886e+02
6.433500000000000227e+02
5.737500000000000000e+02
6.928499999999999091e+02
5.342500000000000000e+02
6.928499999999999091e+02
5.740499999999999545e+02
5.644500000000003865e+02
1.949999999999971010e+02
7.262999999999994998e+02
6.462999999999972260e+02
3.825000000000001137e+02
5.049499999999999886e+02
3.500000000000066791e+01
6.435499999999999545e+02
-2.729999999999968452e+01
5.690000000000000000e+02
5.364499999999999318e+02
7.096499999999991815e+02
5.098000000000000114e+02
5.679500000000001592e+02
6.762999999999994998e+02
7.497499999999992042e+02
5.686000000000000227e+02
2.049999999999969305e+02
5.000000000000038192e+00
5.495000000000000000e+02
5.787000000000000455e+02
6.386000000000000227e+02
1.249999999999992895e+02
-2.199999999999903366e+00
6.547999999999991587e+02
6.928499999999999091e+02
5.461000000000000227e+02
6.138500000000000227e+02
5.767500000000004547e+02
2.149999999999969305e+02
5.816500000000000909e+02
6.678999999999999773e+02
6.237500000000000000e+02
5.940499999999999545e+02
7.324499999999998181e+02
6.386000000000000227e+02
6.168500000000003638e+02
5.940499999999999545e+02
8.460999999999994543e+02
5.643500000000000227e+02
6.088999999999999773e+02
6.369000000000000909e+02
5.543500000000000227e+02
6.119500000000000455e+02
6.137500000000000000e+02
-5.834999999999988063e+01
5.543500000000000227e+02
5.875000000000001137e+02
1.092499999999990621e+02
6.870999999999999091e+02
5.291999999999999318e+02
5.543500000000000227e+02
7.175999999999999091e+02
5.837500000000000000e+02
-8.110000000000000853e+01
6.237500000000000000e+02
5.049499999999999886e+02
5.542500000000000000e+02
5.923500000000001364e+02
1.253999999999993520e+02
-9.545000000000000284e+01
6.628499999999999091e+02
6.226500000000000909e+02
7.304999999999992610e+01
5.641499999999999773e+02
5.049499999999999886e+02
6.475000000000000000e+02
5.879000000000000909e+02
5.635500000000000682e+02
-2.000000000000000000e+02
1.349999999999969589e+02
-1.309999999999986642e+01
6.088000000000000682e+02
5.265000000000000000e+02
5.633000000000002956e+02
5.930500000000000682e+02
6.037500000000000000e+02
6.234500000000000455e+02
5.286999999999999318e+02
6.578999999999998636e+02
7.500000000000082423e+01
6.678999999999999773e+02
5.292999999999999545e+02
6.088999999999999773e+02
7.888499999999994543e+02
7.174999999999997726e+02
5.445499999999999545e+02
6.435499999999999545e+02
6.215499999999999545e+02
6.857000000000000455e+02
6.230500000000000682e+02
8.434999999999988631e+02
5.937500000000000000e+02
5.692999999999999545e+02
7.259999999999995453e+02
5.938500000000000227e+02
4.500000000000082423e+01
5.541499999999999773e+02
5.543500000000000227e+02
5.542500000000000000e+02
2.149999999999969873e+02
5.492999999999999545e+02
6.125500000000000682e+02
6.059000000000002046e+02
5.940499999999999545e+02
-2.000000000000000000e+02
-5.499999999999715783e+00
6.483999999999999773e+02
6.626499999999998636e+02
6.316500000000000909e+02
5.098999999999999773e+02
1.235000000000012221e+01
6.335500000000000682e+02
6.205500000000001819e+02
-1.002000000000000028e+02
6.334500000000000455e+02
4.333500000000000227e+02
3.149999999999971010e+02
-2.000000000000000000e+02
6.234500000000000455e+02
6.387499999999995453e+02
1.749999999999970441e+02
7.500000000000082423e+01
-5.824999999999985079e+01
-8.535000000000009379e+01
7.168999999999998636e+02
-7.755000000000003979e+01
6.183500000000000227e+02
-2.000000000000000000e+02
-5.000000000000064837e+00
6.521499999999998636e+02
6.428500000000000227e+02
5.642500000000000000e+02
7.073999999999998636e+02
5.456999999999999318e+02
6.582000000000000455e+02
6.064499999999999318e+02
6.813499999999995680e+02
8.500000000000082423e+01
-3.500000000000017053e+01
6.978999999999998636e+02
5.939500000000000455e+02
-2.000000000000000000e+02
-2.500000000000007105e+01
5.049499999999999886e+02
5.797500000000000000e+02
5.574999999999823785e+01
6.088999999999999773e+02
1.070499999999985619e+02
6.555999999999995680e+02
6.235500000000000682e+02
-6.259999999999990195e+01
6.631499999999999773e+02
-1.349999999999926104e+01
6.850000000000000000e+02
5.640499999999999545e+02
5.936500000000000909e+02
5.535500000000000682e+02
-9.554999999999999716e+01
8.435999999999988859e+02
6.573999999999997499e+02
9.500000000000082423e+01
5.638500000000000227e+02
5.468000000000001819e+02
7.264999999999996589e+02
1.949999999999970441e+02
-5.000000000000038192e+00
5.148500000000000227e+02
6.216500000000000909e+02
5.984000000000000909e+02
-1.028999999999999915e+02
5.495000000000000000e+02
5.888000000000000682e+02
7.128499999999999091e+02
6.660999999999999091e+02
5.495000000000000000e+02
5.932500000000000000e+02
6.015500000000000682e+02
7.759999999999995453e+02
7.125499999999998408e+02
5.493999999999999773e+02
1.499999999999987921e+01
5.905500000000001819e+02
5.049499999999999886e+02
1.510000000000025011e+01
7.268999999999996362e+02
5.823500000000001364e+02
5.986000000000000227e+02
5.966000000000007049e+02
6.871999999999998181e+02
6.872999999999999545e+02
5.990000000000000000e+02
5.866500000000004320e+02
6.181000000000000227e+02
5.913500000000001364e+02
-5.000000000000032863e+00
7.629999999999955662e+01
5.902500000000002274e+02
5.690000000000000000e+02
7.679499999999991360e+02
6.674999999999998863e+02
5.941000000000002501e+02
5.990000000000000000e+02
5.978000000000000682e+02
7.216499999999998636e+02
5.685000000000000000e+02
1.449999999999969589e+02
6.554000000000000909e+02
6.287000000000006139e+02
3.489999999999940883e+01
1.222999999999986471e+02
3.500000000000068212e+01
5.395000000000000000e+02
-1.323000000000000114e+02
-9.060000000000000853e+01
2.500000000000003908e+01
5.477000000000000455e+02
5.487000000000000455e+02
5.395000000000000000e+02
5.930500000000000682e+02
6.214500000000000455e+02
6.819499999999999318e+02
5.938500000000000227e+02
6.236500000000000909e+02
5.495000000000000000e+02
-1.012999999999999972e+02
5.742500000000000000e+02
2.149999999999990621e+02
5.495000000000000000e+02
6.419499999999985675e+02
5.877000000000000455e+02
5.988999999999999773e+02
5.541499999999999773e+02
6.236500000000000909e+02
5.919500000000001592e+02
6.137500000000000000e+02
5.495000000000000000e+02
6.137500000000000000e+02
6.136500000000000909e+02
5.887000000000000455e+02
5.968000000000001819e+02
3.500000000000048317e+01
7.077999999999998408e+02
6.585499999999996135e+02
5.000000000000293987e+00
8.036999999999989086e+02
5.297000000000000455e+02
8.422999999999988177e+02
6.681999999999999318e+02
8.322999999999985903e+02
7.076999999999998181e+02
4.500000000000083134e+01
7.271999999999998181e+02
5.718500000000000227e+02
6.078000000000000682e+02
5.851000000000005912e+02
6.130500000000000682e+02
5.927500000000001137e+02
8.030999999999989996e+02
7.176999999999998181e+02
6.776999999999998181e+02
1.349999999999989484e+02
5.986000000000000227e+02
5.495000000000000000e+02
1.041999999999990223e+02
5.541499999999999773e+02
6.113499999999995680e+02
6.974999999999998863e+02
-5.499999999999970157e+01
5.788999999999999773e+02
6.434500000000000455e+02
5.692999999999999545e+02
6.600499999999999545e+02
6.187000000000000455e+02
6.233500000000000227e+02
1.260999999999994827e+02
8.053999999999971351e+02
-7.785000000000000853e+01
1.050000000000008242e+02
5.659000000000002046e+02
5.921500000000006594e+02
5.627500000000000000e+02
1.449999999999969589e+02
6.331500000000000909e+02
5.935500000000000682e+02
6.428500000000000227e+02
6.582000000000000455e+02
2.049999999999980957e+02
-4.499999999999994316e+01
-9.180000000000001137e+01
6.088000000000000682e+02
5.890000000000000000e+02
-6.859999999999982379e+01
6.545999999999991132e+02
7.415499999999994998e+02
-9.564999999999999147e+01
5.493999999999999773e+02
5.978500000000003638e+02
7.175999999999997954e+02
8.071499999999986130e+02
2.975000000000011369e+01
6.237500000000000000e+02
1.549999999999971863e+02
6.364999999999995453e+02
7.500000000000082423e+01
-2.854999999999984084e+01
7.315499999999996135e+02
4.499999999999954525e+01
-6.565000000000000568e+01
7.175999999999997954e+02
5.837500000000000000e+02
6.374999999999997726e+02
7.569999999999996589e+02
5.988999999999999773e+02
5.990000000000000000e+02
5.988999999999999773e+02
6.087500000000003411e+02
6.018500000000001364e+02
6.304500000000001592e+02
5.049499999999999886e+02
5.500000000000082423e+01
5.988999999999999773e+02
5.742500000000000000e+02
-2.804999999999985505e+01
6.975999999999999091e+02
5.988999999999999773e+02
5.987000000000000455e+02
6.564999999999995453e+02
2.954999999999913030e+01
6.127500000000001137e+02
6.118500000000001364e+02
-8.029999999999999716e+01
6.879999999999998863e+02
5.441500000000004320e+02
-1.631999999999999602e+02
7.175999999999997954e+02
7.884999999999911324e+01
1.150000000000008242e+02
5.395000000000000000e+02
7.500000000000061107e+01
7.651999999999993634e+02
6.229500000000000455e+02
1.249999999999988489e+02
5.627500000000001137e+02
5.911500000000002046e+02
5.782000000000000455e+02
-1.059500000000000028e+02
-9.645000000000001705e+01
6.117000000000002728e+02
6.028500000000000227e+02
7.324499999999998181e+02
4.500000000000081712e+01
7.500000000000082423e+01
7.321499999999997499e+02
6.978999999999998636e+02
5.851500000000005457e+02
5.990000000000000000e+02
6.414499999999999318e+02
7.324499999999998181e+02
6.968999999999997499e+02
8.184999999999968168e+01
1.050000000000003837e+02
5.534500000000000455e+02
6.233500000000000227e+02
5.840499999999999545e+02
1.050000000000008242e+02
5.495000000000000000e+02
5.840499999999999545e+02
6.824499999999999318e+02
7.500000000000082423e+01
5.541499999999999773e+02
7.126999999999986812e+02
6.658000000000000682e+02
1.449999999999971010e+02
5.516500000000000909e+02
5.500000000000075318e+01
5.969000000000000909e+02
-2.644999999999994600e+01
7.751999999999992497e+02
5.940499999999999545e+02
8.111499999999995225e+02
6.178000000000000682e+02
7.513499999999996817e+02
5.715500000000001819e+02
5.839999999999952252e+01
7.453499999999986585e+02
7.750999999999995680e+02
-2.644999999999994600e+01
5.443500000000000227e+02
7.321499999999997499e+02
5.588999999999999773e+02
3.349999999999976694e+02
7.119499999999998181e+02
6.136500000000000909e+02
9.500000000000082423e+01
5.839500000000000455e+02
5.841499999999999773e+02
7.326499999999998636e+02
-1.000000000000000000e+02
5.183999999999999773e+02
-1.125999999999999943e+02
7.173999999999997499e+02
-1.824999999999990052e+01
7.717499999999997726e+02
5.367000000000000455e+02
6.136500000000000909e+02
1.374499999999988233e+02
5.815500000000001819e+02
7.552499999999981810e+02
7.663999999999996362e+02
6.405499999999997272e+02
7.324499999999998181e+02
2.049999999999971294e+02
-1.500000000000001421e+01
7.807499999999995453e+02
7.379499999999989086e+02
5.967000000000001592e+02
6.577499999999988631e+02
6.725000000000000000e+02
5.196000000000000227e+02
5.788999999999999773e+02
1.849999999999969873e+02
8.518999999999987267e+02
6.385500000000001819e+02
5.115000000000000568e+01
7.174999999999997726e+02
7.812499999999995453e+02
6.130500000000000682e+02
5.974000000000000909e+02
3.649499999999994770e+02
-1.500000000000012079e+01
5.311000000000003638e+02
5.893500000000001364e+02
6.096000000000003638e+02
5.990000000000000000e+02
8.162999999999994998e+02
-8.444999999999976126e+01
6.500000000000082423e+01
8.500000000000065370e+01
5.978999999999999773e+02
6.361999999999994770e+02
5.838500000000000227e+02
7.451999999999998181e+02
5.796500000000002046e+02
6.467999999999997272e+02
7.150999999999993406e+02
8.069999999999977263e+02
6.096500000000000909e+02
6.367500000000002274e+02
9.500000000000082423e+01
6.423499999999997954e+02
5.984000000000000909e+02
5.990000000000000000e+02
5.919500000000000455e+02
5.409000000000002046e+02
6.478999999999998636e+02
5.839500000000000455e+02
6.638999999999989541e+02
8.545999999999995680e+02
5.679000000000000909e+02
-9.009999999999999432e+01
5.990000000000000000e+02
6.937499999999997726e+02
8.362999999999994998e+02
-9.744999999999998863e+01
1.922499999999982947e+02
5.585000000000000000e+02
7.657999999999971124e+02
-1.000000000000000000e+02
-5.274999999999958078e+01
-1.000000000000000000e+02
6.435499999999999545e+02
5.049499999999999886e+02
-9.029999999999999716e+01
6.204499999999997044e+02
-3.904999999999996874e+01
5.990000000000000000e+02
2.119999999999986926e+02
6.680000000000000000e+02
6.088000000000000682e+02
5.783000000000000682e+02
1.411499999999996930e+02
-2.199999999999991473e+01
6.128500000000001364e+02
-4.499999999999941735e+01
5.297000000000000455e+02
5.296000000000000227e+02
5.839500000000000455e+02
-9.575000000000000000e+01
6.743999999999991815e+02
8.347999999999996135e+02
-5.259999999999988063e+01
-1.657999999999998408e+02
6.211499999999999773e+02
5.702500000000000000e+02
6.137500000000000000e+02
7.075999999999997954e+02
6.682999999999999545e+02
5.983000000000000682e+02
-2.000000000000000000e+02
6.479999999999927240e+01
6.136499999999999773e+02
1.150000000000002984e+02
5.197999999999999545e+02
1.949999999999969589e+02
6.753999999999994088e+02
1.250000000000002274e+02
5.037500000000000000e+02
6.137500000000000000e+02
5.914500000000001592e+02
4.913000000000000682e+02
-1.353499999999999943e+02
6.041000000000001364e+02
1.950000000000144951e+00
4.999999999999853451e+00
6.131500000000000909e+02
6.321500000000000909e+02
5.600000000000005684e+02
-3.794999999999996021e+01
7.507499999999996589e+02
5.979000000000000909e+02
8.164999999999995453e+02
6.500000000000082423e+01
1.150000000000008242e+02
7.964999999999995453e+02
6.241000000000002501e+02
5.730499999999999545e+02
7.905499999999993861e+02
3.149999999999972715e+02
-9.029999999999999716e+01
6.354000000000000909e+02
5.933500000000000227e+02
6.353999999999992951e+02
6.792499999999993179e+02
5.990000000000000000e+02
6.628499999999999091e+02
5.673000000000000682e+02
6.382000000000000455e+02
6.033500000000000227e+02
5.841499999999999773e+02
6.380000000000000000e+02
7.294499999999998181e+02
7.457499999999984084e+02
7.681499999999990678e+02
5.841499999999999773e+02
5.690000000000000000e+02
6.088999999999999773e+02
6.038500000000000227e+02
7.165999999999997954e+02
9.500000000000079581e+01
6.087000000000000455e+02
5.396000000000000227e+02
1.930999999999991701e+02
7.212499999999995453e+02
6.088000000000000682e+02
5.933500000000000227e+02
6.655999999999974079e+02
5.912500000000002274e+02
7.569999999999996589e+02
-3.354999999999974136e+01
6.525000000000000000e+02
7.084999999999973852e+01
5.692999999999999545e+02
1.250000000000006963e+02
5.940499999999999545e+02
5.940499999999999545e+02
7.682499999999995453e+02
5.988999999999999773e+02
6.084000000000000909e+02
5.901500000000002046e+02
7.176999999999998181e+02
6.282000000000000455e+02
7.665999999999996817e+02
6.020500000000000682e+02
1.100499999999996135e+02
5.840499999999999545e+02
6.493499999999995680e+02
5.988999999999999773e+02
-2.189999999999992042e+01
5.840499999999999545e+02
6.287000000000000455e+02
7.711499999999995225e+02
6.087000000000000455e+02
7.174999999999997726e+02
-2.794999999999986073e+01
-7.615000000000000568e+01
7.573999999999997499e+02
8.500000000000082423e+01
-2.604999999999996874e+01
6.761999999999995907e+02
5.841499999999999773e+02
7.571999999999997044e+02
7.119499999999997044e+02
6.879999999999998863e+02
1.150000000000008100e+02
1.049999999999987210e+02
-1.589999999999969305e+01
7.918499999999996817e+02
-1.000000000000000000e+02
8.244999999999987494e+01
1.250000000000006821e+02
7.176999999999998181e+02
5.990000000000000000e+02
-2.500000000000015632e+01
7.177999999999998408e+02
-1.152000000000000455e+02
2.849999999999969873e+02
5.987000000000000455e+02
-1.214000000000000057e+02
-1.500000000000003553e+01
6.889499999999998181e+02
5.395000000000000000e+02
5.495000000000000000e+02
7.492499999999997726e+02
5.975000000000001137e+02
5.963000000000001819e+02
5.987000000000000455e+02
7.312499999999997726e+02
7.100000000000704858e+00
6.381000000000000227e+02
6.879999999999998863e+02
6.977999999999998408e+02
5.500000000000066080e+01
5.380999999999999091e+02
6.869499999999987949e+02
6.330500000000000682e+02
6.515499999999999545e+02
6.880999999999999091e+02
1.355000000000005400e+01
6.381000000000000227e+02
1.449999999999977263e+02
3.650000000000616751e+00
6.644999999999992042e+02
5.982000000000000455e+02
5.919500000000001592e+02
6.186000000000000227e+02
-1.000000000000000000e+02
-6.499999999999967315e+01
4.500000000000082423e+01
6.835999999999994543e+02
1.678999999999976467e+02
5.396000000000000227e+02
-1.056499999999999915e+02
7.291499999999998636e+02
7.522499999999997726e+02
5.493999999999999773e+02
5.913500000000000227e+02
6.088999999999999773e+02
1.150000000000008100e+02
6.065000000000001137e+02
5.587999999999999545e+02
5.396000000000000227e+02
-1.011999999999999886e+02
5.880000000000000000e+02
6.500000000000082423e+01
-4.499999999999971578e+01
6.088000000000000682e+02
7.618499999999978627e+02
-1.231499999999999631e+02
6.872999999999998408e+02
6.324999999999994316e+01
-2.604999999999996874e+01
5.500000000000082423e+01
6.065999999999999091e+02
7.152999999999992724e+02
2.349999999999969873e+02
6.382000000000000455e+02
6.133500000000000227e+02
5.731499999999999773e+02
6.332500000000000000e+02
5.961000000000001364e+02
-9.814999999999999147e+01
6.184000000000000909e+02
9.604999999999839133e+01
5.709999999999968168e+01
6.236500000000000909e+02
-1.450000000000007674e+02
5.692000000000000455e+02
6.660000000000000000e+02
7.380499999999988177e+02
6.759999999999995453e+02
5.832500000000000000e+02
6.692999999999980218e+02
-2.000000000000000000e+02
5.491000000000000227e+02
-9.504999999999999716e+01
1.050000000000002842e+02
5.195000000000000000e+02
-7.699999999999647571e+00
5.809999999999990905e+01
8.117999999999991587e+02
6.483999999999999773e+02
6.742999999999992724e+02
1.150000000000006679e+02
1.150000000000007958e+02
8.500000000000072475e+01
6.382000000000000455e+02
6.482000000000000455e+02
2.749999999999995453e+02
5.344499999999999318e+02
5.875500000000004093e+02
5.049499999999999886e+02
5.049499999999999886e+02
2.749999999999971010e+02
2.150000000000090949e+00
6.087000000000000455e+02
6.740999999999999091e+02
7.471999999999998181e+02
6.188000000000000682e+02
7.448999999999998636e+02
4.500000000000083134e+01
5.692999999999999545e+02
5.380999999999999091e+02
2.060000000000010800e+01
6.286000000000000227e+02
5.988000000000000682e+02
5.396000000000000227e+02
5.500000000000082423e+01
-9.839999999999996305e+01
-5.074999999999987921e+01
3.149999999999976126e+02
1.749999999999969305e+02
2.739999999999952252e+01
1.549999999999969873e+02
1.150000000000003126e+02
5.049499999999999886e+02
6.071000000000000227e+02
6.676999999999999318e+02
8.343999999999991815e+02
6.381000000000000227e+02
-9.209999999999999432e+01
6.545000000000001137e+02
-3.499999999999998579e+01
6.029500000000000455e+02
-1.000000000000000000e+02
1.523999999999991815e+02
6.529500000000000455e+02
5.151000000000000227e+02
5.395000000000000000e+02
-3.784999999999996589e+01
-4.024999999999972999e+01
6.185000000000000000e+02
6.381000000000000227e+02
6.377000000000000455e+02
7.217999999999990450e+02
6.777999999999999545e+02
6.766999999999999318e+02
6.500000000000004263e+01
5.396000000000000227e+02
6.583999999999999773e+02
5.670000000000001137e+02
-1.000000000000000000e+02
5.740499999999999545e+02
5.841499999999999773e+02
8.050999999999996817e+02
5.638500000000000227e+02
6.084000000000000909e+02
7.669999999999997726e+02
1.231499999999977035e+02
5.499500000000002728e+02
6.732500000000000000e+02
7.657999999999997272e+02
6.876999999999998181e+02
-1.500000000000014211e+01
5.388999999999999773e+02
5.197999999999999545e+02
5.048499999999999659e+02
4.620000000000013074e+01
6.872999999999998408e+02
6.914499999999998181e+02
6.731499999999999773e+02
1.349999999999996589e+02
6.483999999999999773e+02
9.500000000000082423e+01
5.197999999999999545e+02
1.549999999999969305e+02
8.084999999999712372e+01
6.856999999999997044e+02
1.250000000000004405e+02
-1.500000000000002132e+01
6.586999999999977717e+02
-3.334999999999955378e+01
6.103000000000000682e+02
-7.499999999999961631e+01
8.500000000000082423e+01
6.680999999999999091e+02
5.488999999999999773e+02
6.680000000000000000e+02
6.926499999999998636e+02
-1.249999999999996305e+02
5.178999999999999773e+02
5.438000000000001819e+02
5.424500000000005002e+02
6.481000000000000227e+02
6.301000000000004775e+02
5.528500000000000227e+02
5.977000000000000455e+02
6.594999999999985221e+02
8.054999999999972715e+02
1.149999999999978826e+02
5.980000000000001137e+02
6.209500000000001592e+02
2.099499999999999886e+02
5.939500000000000455e+02
5.962000000000001592e+02
6.354000000000002046e+02
2.749999999999970441e+02
1.449999999999969589e+02
8.228999999999994088e+02
6.165999999999999091e+02
5.481000000000000227e+02
-1.013999999999999915e+02
7.869999999999997726e+02
6.083000000000000682e+02
7.761499999999991815e+02
5.186000000000000227e+02
6.507000000000000455e+02
1.150000000000007532e+02
6.400499999999999545e+02
6.088000000000000682e+02
-9.844999999999998863e+01
2.749999999999994884e+02
-1.000000000000000000e+02
7.309499999999998181e+02
6.226500000000000909e+02
6.186000000000000227e+02
5.791000000000000227e+02
6.434500000000000455e+02
6.530499999999999545e+02
6.482999999999999545e+02
6.913500000000000227e+02
6.568999999999996362e+02
5.197000000000000455e+02
6.376000000000000227e+02
7.641999999999990223e+02
6.455499999999992724e+02
5.395000000000000000e+02
5.875000000000006821e+02
6.532500000000000000e+02
7.407499999999996589e+02
-3.249999999999630518e+00
-7.795000000000001705e+01
5.854500000000000455e+02
6.473000000000000682e+02
7.075999999999999091e+02
-1.375500000000000114e+02
5.841499999999999773e+02
5.834500000000000455e+02
6.285000000000000000e+02
6.217500000000001137e+02
6.086000000000000227e+02
6.136500000000000909e+02
-4.379999999999982663e+01
6.671999999999997044e+02
9.500000000000081002e+01
6.680999999999999091e+02
5.435000000000002274e+02
7.317499999999995453e+02
7.321499999999997499e+02
6.729499999999999318e+02
2.500000000000034817e+01
5.990000000000005684e+02
5.391000000000000227e+02
7.076999999999998181e+02
-8.765000000000000568e+01
1.649999999999974136e+02
6.834000000000002046e+02
-1.073499999999999091e+02
6.449000000000000909e+02
-1.000000000000000000e+02
8.500000000000082423e+01
7.385499999999990450e+02
6.522999999999987040e+02
-9.109999999999999432e+01
6.386000000000000227e+02
5.692999999999999545e+02
-5.215000000000004121e+01
5.691500000000003183e+02
6.187000000000000455e+02
6.087000000000000455e+02
6.680000000000000000e+02
5.686000000000000227e+02
1.449999999999979536e+02
5.916500000000000909e+02
5.790000000000000000e+02
1.349999999999980389e+02
7.594499999999991360e+02
6.036500000000000909e+02
4.500000000000078870e+01
5.762000000000001592e+02
3.500000000000048317e+01
7.165999999999982037e+02
6.081000000000000227e+02
7.665999999999996817e+02
6.731499999999998636e+02
7.077999999999998408e+02
5.988999999999999773e+02
6.564999999999995453e+02
6.582999999999999545e+02
7.782999999999985903e+02
6.513499999999995680e+02
7.673499999999987722e+02
5.923500000000001364e+02
3.234999999999973852e+01
6.706499999999999773e+02
5.276000000000001364e+02
6.532000000000000455e+02
6.520499999999999545e+02
6.685999999999977490e+02
7.325499999999998408e+02
7.022499999999997726e+02
6.531499999999999773e+02
7.620499999999997272e+02
6.629500000000000455e+02
7.451999999999992497e+02
7.281499999999988404e+02
-5.000000000000073719e+00
7.792999999999999545e+02
-1.086499999999999488e+02
6.422500000000000000e+02
7.524499999999998181e+02
6.975999999999997954e+02
6.471000000000001364e+02
4.999999999999825917e+00
6.879999999999998863e+02
5.395000000000000000e+02
6.385000000000000000e+02
6.248000000000002956e+02
2.905000000000006821e+01
6.406500000000002046e+02
5.690000000000000000e+02
6.455000000000000000e+02
6.235500000000000682e+02
6.841999999999998181e+02
4.500000000000082423e+01
5.692999999999999545e+02
6.384000000000000909e+02
1.249999999999975984e+02
1.349999999999999716e+02
2.766999999999999318e+02
7.056999999999999318e+02
2.500000000000003908e+01
-1.148000000000000114e+02
5.616500000000000909e+02
5.688000000000000682e+02
6.428000000000001819e+02
7.572999999999994998e+02
5.346499999999999773e+02
5.396000000000000227e+02
6.385000000000000000e+02
5.346499999999999773e+02
-1.017999999999999972e+02
6.582000000000000455e+02
9.750000000000270006e+00
4.999999999999993747e+02
2.500000000000063238e+01
-1.059500000000000028e+02
6.204500000000001592e+02
7.359000000000004320e+02
-1.052500000000000000e+02
5.690000000000000000e+02
6.267000000000001592e+02
-1.102999999999999972e+02
6.528499999999999091e+02
5.330000000000000000e+02
1.149999999999992326e+02
5.937500000000000000e+02
5.670000000000001137e+02
6.080000000000001137e+02
-3.500000000000006395e+01
6.187000000000000455e+02
5.393999999999999773e+02
5.683999999999999773e+02
5.823500000000000227e+02
-2.499999999999970512e+01
6.800499999999992724e+02
6.438499999999983174e+02
6.176000000000000227e+02
5.877000000000006139e+02
7.274499999999986812e+02
-7.480000000000005400e+01
-8.280000000000003979e+01
5.837500000000000000e+02
6.927999999999988177e+02
7.240499999999988177e+02
6.386000000000000227e+02
7.840999999999989996e+02
7.869999999999997726e+02
6.074000000000000909e+02
5.031499999999999773e+02
1.549999999999970157e+02
6.869999999999998863e+02
6.284000000000000909e+02
6.455000000000000000e+02
5.938500000000000227e+02
6.827499999999998863e+02
4.499999999999894840e+01
5.607000000000005002e+02
1.649999999999970157e+02
6.879999999999998863e+02
5.495000000000000000e+02
-1.500000000000004619e+01
6.806499999999994088e+02
6.373000000000006366e+02
6.383999999999999773e+02
6.273500000000003638e+02
7.322499999999997726e+02
9.204999999999975557e+01
6.533500000000000227e+02
4.404999999999793658e+01
5.192999999999999545e+02
7.322499999999997726e+02
7.034999999999953957e+01
5.959000000000000909e+02
5.347999999999999545e+02
-4.924999999999997158e+01
7.836999999999990223e+02
8.261999999999994770e+02
5.396000000000000227e+02
1.479999999999988347e+01
5.049499999999999886e+02
5.623500000000001364e+02
6.729499999999999318e+02
6.675000000000000000e+02
-9.874999999999998579e+01
8.237999999999990450e+02
5.623500000000007049e+02
7.154999999999993179e+02
5.655000000000002274e+02
6.719499999999999318e+02
6.330500000000000682e+02
6.730499999999999545e+02
6.184000000000000909e+02
6.385000000000000000e+02
-2.199999999999931788e+00
6.087000000000000455e+02
6.620500000000000682e+02
7.087999999999983629e+02
8.063999999999996362e+02
6.618499999999997954e+02
7.033999999999989541e+02
6.130000000000003411e+02
6.384000000000000909e+02
5.651000000000002501e+02
5.988000000000000682e+02
6.144000000000003183e+02
5.791000000000000227e+02
7.016499999999998636e+02
8.261999999999995907e+02
5.388999999999999773e+02
5.990000000000000000e+02
6.274000000000000909e+02
6.643000000000001819e+02
6.164000000000002046e+02
5.690000000000000000e+02
7.500000000000046896e+01
1.650000000000006253e+02
6.185000000000000000e+02
4.500000000000081002e+01
6.481000000000000227e+02
5.977000000000000455e+02
6.234500000000000455e+02
6.930499999999999545e+02
6.482999999999999545e+02
3.344999999999808438e+01
5.725500000000000682e+02
8.141999999999990223e+02
5.643500000000000227e+02
5.986000000000000227e+02
5.939500000000000455e+02
6.376000000000000227e+02
5.632500000000005684e+02
6.481000000000000227e+02
6.087000000000000455e+02
5.393999999999999773e+02
7.166999999999995907e+02
5.207500000000000000e+02
7.864999999999996589e+02
-6.500000000000173372e+01
7.125499999999998408e+02
-8.655000000000001137e+01
7.171999999999998181e+02
5.396000000000000227e+02
-1.000000000000000000e+02
4.288000000000000682e+02
7.404499999999993634e+02
7.467999999999997272e+02
7.409000000000000909e+02
5.685000000000000000e+02
2.045000000000023022e+01
5.637000000000001592e+02
5.731500000000000909e+02
6.485000000000000000e+02
6.237500000000000000e+02
9.500000000000082423e+01
5.688999999999999773e+02
7.065999999999999091e+02
5.049499999999999886e+02
-5.604999999999996163e+01
2.215000000000013358e+01
6.929499999999999318e+02
5.491000000000000227e+02
7.176999999999998181e+02
7.161999999999999318e+02
6.805499999999998408e+02
7.957999999999994998e+02
6.998500000000000227e+02
5.396000000000000227e+02
6.051500000000004320e+02
5.346499999999999773e+02
7.172999999999998408e+02
6.184000000000000909e+02
6.434500000000000455e+02
5.841499999999999773e+02
6.974999999999998863e+02
6.117000000000003865e+02
6.379500000000002728e+02
5.940499999999999545e+02
6.424499999999998181e+02
5.395000000000000000e+02
6.088999999999999773e+02
6.582000000000000455e+02
5.742500000000000000e+02
6.500000000000082423e+01
7.837999999999992724e+02
6.819499999999997044e+02
5.799999999999991473e+01
8.258999999999996362e+02
3.500000000000081002e+01
6.958999999999998636e+02
7.223499999999997954e+02
7.059999999999995453e+02
5.346499999999999773e+02
-2.500000000000014211e+01
5.692000000000000455e+02
5.784000000000000909e+02
6.087000000000000455e+02
5.740499999999999545e+02
6.171000000000000227e+02
5.083999999999999773e+02
5.939500000000000455e+02
2.149999999999969589e+02
6.384000000000000909e+02
6.680999999999999091e+02
6.732500000000000000e+02
5.854499999999999318e+02
6.434500000000000455e+02
7.867999999999997272e+02
5.346499999999999773e+02
1.549999999999977831e+02
-4.999999999999977796e+00
5.396000000000000227e+02
6.433500000000000227e+02
5.049499999999999886e+02
3.500000000000068212e+01
6.811499999999997499e+02
5.966000000000001364e+02
-2.000000000000000000e+02
-1.624999999999997158e+01
7.868999999999996362e+02
5.813000000000004093e+02
6.630499999999999545e+02
6.183000000000000682e+02
5.095000000000000000e+02
6.583999999999999773e+02
5.940499999999999545e+02
1.146000000000000227e+02
5.877000000000000455e+02
5.791000000000000227e+02
6.188000000000000682e+02
8.236999999999995907e+02
6.749999999999998863e+02
6.020500000000001819e+02
6.960999999999999091e+02
-5.000000000000111022e+00
6.231500000000000909e+02
5.672000000000001592e+02
1.126999999999986812e+02
8.262999999999994998e+02
7.510499999999994998e+02
7.663999999999997499e+02
7.520499999999997272e+02
6.187000000000000455e+02
6.625000000000001137e+02
-8.515000000000000568e+01
6.124000000000004320e+02
6.402500000000000000e+02
6.125500000000000682e+02
8.068499999999992269e+02
7.028499999999999091e+02
6.485000000000000000e+02
5.939500000000000455e+02
8.500000000000082423e+01
5.098000000000000114e+02
6.058000000000001819e+02
6.877999999999999545e+02
5.891000000000000227e+02
5.396000000000000227e+02
7.511499999999995225e+02
7.077999999999998408e+02
-6.059999999999999432e+01
6.182000000000000455e+02
5.045000000000000568e+02
-3.499999999999967315e+01
6.657999999999994998e+02
7.647999999999992724e+02
6.613500000000000227e+02
5.493999999999999773e+02
5.735499999999999545e+02
6.250000000000002274e+02
5.981000000000000227e+02
6.033500000000000227e+02
4.999999999999853451e+00
7.319499999999997044e+02
5.937500000000000000e+02
6.972999999999997272e+02
5.396000000000000227e+02
5.791000000000000227e+02
7.310499999999996135e+02
6.473499999999989996e+02
5.729999999999975557e+01
-2.000000000000000000e+02
5.838500000000000227e+02
6.731499999999998636e+02
-4.500000000000011369e+01
6.732500000000000000e+02
5.650500000000005230e+02
6.727499999999998863e+02
4.500000000000069633e+01
6.662999999999999545e+02
7.832999999999988177e+02
6.054999999999785132e+01
5.984000000000000909e+02
7.224499999999998181e+02
6.231500000000000909e+02
-1.219999999999990337e+01
5.685000000000000000e+02
7.860999999999995680e+02
7.073499999999996817e+02
3.817499999999994884e+02
-1.354999999999955662e+01
6.828499999999999091e+02
5.445499999999999545e+02
6.360000000000000000e+02
6.183000000000000682e+02
8.042999999999991587e+02
7.471999999999998181e+02
6.233500000000000227e+02
7.085499999999988177e+02
5.688999999999999773e+02
8.045999999999992269e+02
6.174000000000000909e+02
8.062999999999994998e+02
1.050000000000008242e+02
5.642500000000000000e+02
7.646999999999992497e+02
5.443500000000000227e+02
1.725000000000039790e+01
5.938500000000000227e+02
6.608499999999994543e+02
2.810000000000007958e+01
7.004499999999998181e+02
5.714499999999999318e+02
8.211499999999995225e+02
5.936499999999999773e+02
9.569999999999711804e+01
-1.100999999999999943e+02
5.741499999999999773e+02
5.471500000000003183e+02
6.728999999999987267e+02
-1.000000000000000000e+02
7.292499999999990905e+02
6.930499999999999545e+02
6.503499999999999091e+02
5.836000000000001364e+02
8.263999999999995225e+02
5.791000000000000227e+02
5.049499999999999886e+02
7.169999999999998863e+02
6.751999999999992497e+02
5.839500000000000455e+02
-8.240000000000003411e+01
6.582999999999999545e+02
7.661999999999995907e+02
5.492000000000000455e+02
6.477000000000000455e+02
6.961999999999995907e+02
7.858999999999996362e+02
7.135999999999992269e+02
9.236999999999989086e+02
6.828499999999999091e+02
6.435499999999999545e+02
2.225000000000012790e+01
7.520499999999997272e+02
6.780999999999985448e+02
5.197999999999999545e+02
-8.410000000000005116e+01
1.150000000000000000e+02
5.366999999999999318e+02
8.500000000000082423e+01
7.857999999999994998e+02
5.790000000000000000e+02
1.949999999999982663e+02
1.749999999999973852e+02
6.828499999999999091e+02
1.600000000000018474e+01
6.333500000000000227e+02
6.319499999999998181e+02
3.700000000000329692e+00
6.250000000000002274e+02
6.530499999999999545e+02
7.310499999999994998e+02
7.533999999999988404e+02
-5.554999999999999005e+01
7.109499999999999318e+02
6.553999999999994088e+02
6.767999999999999545e+02
6.729499999999998181e+02
7.167999999999998408e+02
5.872000000000001592e+02
7.323499999999976353e+02
2.949999999999977831e+02
6.582999999999999545e+02
5.733500000000000227e+02
6.428500000000000227e+02
8.560499999999994998e+02
1.949999999999972715e+02
5.731500000000000909e+02
1.249999999999988205e+02
5.790000000000000000e+02
7.025499999999999545e+02
7.985499999999992724e+02
-9.999999999999715783e-01
6.813499999999999091e+02
6.325500000000000682e+02
7.227499999999997726e+02
7.309499999999994770e+02
7.662999999999997272e+02
-2.559999999999980957e+01
1.767999999999996703e+02
4.500000000000078160e+01
6.623500000000000227e+02
7.107499999999997726e+02
6.315500000000001819e+02
5.790000000000000000e+02
6.485000000000000000e+02
6.126500000000000909e+02
8.409499999999993634e+02
7.569499999999989086e+02
-1.549999999999995737e+01
7.268499999999985448e+02
6.823499999999996817e+02
7.165999999999996817e+02
5.742500000000000000e+02
5.641499999999999773e+02
8.052999999999992724e+02
-4.774999999999992895e+01
-7.369999999999996021e+01
5.886000000000000227e+02
7.370999999999996817e+02
5.620500000000001819e+02
5.841499999999999773e+02
6.629500000000000455e+02
6.828499999999999091e+02
6.237500000000000000e+02
6.118500000000001364e+02
5.940499999999999545e+02
1.549999999999972147e+02
9.054999999999994316e+02
6.668999999999994088e+02
6.713500000000000227e+02
6.183000000000000682e+02
6.548999999999991815e+02
6.002500000000002274e+02
5.891000000000000227e+02
5.642500000000000000e+02
1.449999999999969873e+02
5.907500000000002274e+02
6.326500000000000909e+02
6.720499999999997272e+02
5.687000000000000455e+02
1.449999999999971863e+02
5.787999999999999545e+02
7.629999999999989768e+01
7.093499999999994543e+02
-1.719999999999961915e+01
6.743000000000000682e+02
6.532500000000000000e+02
5.931500000000000909e+02
1.403999999999981867e+02
-1.000000000000000000e+02
5.791000000000000227e+02
5.495000000000000000e+02
5.692999999999999545e+02
6.333500000000000227e+02
6.799499999999998181e+02
5.692999999999999545e+02
1.115999999999984311e+02
5.742500000000000000e+02
5.495000000000000000e+02
6.321499999999999773e+02
9.052999999999992724e+02
6.524500000000000455e+02
7.099999999999986358e+02
4.999999999999791278e+00
1.499999999999979039e+01
7.068999999999996362e+02
5.563000000000000682e+02
7.125499999999998408e+02
5.828500000000000227e+02
6.569500000000002728e+02
6.824499999999998181e+02
-3.000000000001193712e+00
7.554999999999993179e+02
5.635500000000006366e+02
6.168000000000001819e+02
6.304499999999993634e+02
6.480000000000000000e+02
9.014999999999984084e+02
6.748999999999994088e+02
5.790000000000000000e+02
5.923500000000001364e+02
6.184000000000000909e+02
1.749999999999969873e+02
-7.029999999999999716e+01
6.334500000000000455e+02
6.122499999999988631e+02
6.500000000000082423e+01
-5.989999999999984226e+01
5.876000000000001364e+02
-6.699999999999974420e+00
8.500000000000082423e+01
5.615500000000001819e+02
6.480999999999989996e+02
8.500000000000076739e+01
5.634500000000000455e+02
2.649999999999979536e+02
5.891000000000000227e+02
6.703999999999994088e+02
7.070999999999996817e+02
8.499999999999822364e+01
-2.079999999999998295e+01
5.888999999999999773e+02
7.060500000000001819e+02
6.542000000000001592e+02
6.447999999999992724e+02
6.187000000000000455e+02
5.856000000000000227e+02
6.350500000000002956e+02
1.749999999999984936e+02
3.944500000000003297e+02
5.000000000000411227e+00
1.149999999999992752e+02
7.318499999999996817e+02
2.195000000000062812e+01
5.607500000000002274e+02
6.228500000000001364e+02
3.549999999999973284e+02
5.633000000000001819e+02
7.323499999999997954e+02
5.891000000000000227e+02
8.500000000000081002e+01
1.505499999999993292e+02
6.480999999999999091e+02
6.039500000000000455e+02
7.439999999999996589e+02
6.036500000000000909e+02
5.641499999999999773e+02
6.332500000000000000e+02
6.430000000000002274e+02
6.664999999999995453e+02
6.317500000000001137e+02
6.334500000000000455e+02
7.500000000000082423e+01
7.128499999999999091e+02
5.830500000000000682e+02
6.945500000000002956e+02
-8.630000000000001137e+01
5.995000000000004547e+02
6.721499999999998636e+02
6.494499999999998181e+02
6.855499999999981355e+02
7.349999999999992042e+02
6.849999999999996589e+02
7.974499999999986812e+02
-7.500000000000014211e+01
7.302000000000001592e+02
9.500000000000081002e+01
1.936999999999991928e+02
7.227499999999997726e+02
5.637500000000000000e+02
5.541000000000002501e+02
1.749999999999970726e+02
5.785000000000000000e+02
3.345000000000001705e+01
7.146999999999991360e+02
3.149999999999972715e+02
6.039500000000000455e+02
-2.499999999999941380e+01
6.993499999999991132e+02
7.406999999999995907e+02
5.399499999999999318e+02
5.937500000000000000e+02
8.603499999999992269e+02
8.611499999999995225e+02
6.500000000000066791e+01
8.609499999999994770e+02
5.818500000000000227e+02
6.227500000000001137e+02
6.059000000000002046e+02
5.396000000000000227e+02
7.025499999999997272e+02
-4.674999999999992184e+01
7.201999999999984539e+02
6.895499999999998408e+02
6.632500000000000000e+02
7.566999999999995907e+02
6.801499999999992951e+02
6.335500000000000682e+02
5.836500000000000909e+02
2.150000000000002558e+02
6.284000000000000909e+02
5.830500000000000682e+02
7.729499999999995907e+02
7.140999999999995680e+02
6.758999999999995225e+02
6.325500000000000682e+02
-4.584999999999998010e+01
5.388999999999999773e+02
6.433500000000000227e+02
8.412499999999995453e+02
1.250000000000003837e+02
7.021499999999998636e+02
5.877000000000000455e+02
-9.794999999999998863e+01
1.649999999999980673e+02
5.686000000000005912e+02
2.549999999999969873e+02
7.628999999999994088e+02
9.500000000000081002e+01
7.370999999999997954e+02
3.449999999999970441e+02
2.549999999999994884e+02
5.605500000000001819e+02
6.966999999999997044e+02
8.957999999999971124e+02
5.980500000000002956e+02
-4.724999999999933209e+01
5.567500000000001137e+02
5.742500000000000000e+02
5.143500000000000227e+02
6.729499999999999318e+02
6.820499999999998408e+02
6.254000000000002046e+02
-8.909999999999999432e+01
8.209499999999994770e+02
6.297999999999997272e+02
5.541499999999999773e+02
5.857000000000000455e+02
5.840499999999999545e+02
6.561000000000001364e+02
6.310499999999999545e+02
8.410499999999994998e+02
9.253999999999994088e+02
5.715500000000001819e+02
1.549999999999971010e+02
2.249999999999992610e+02
6.291500000000003183e+02
6.386000000000000227e+02
-2.000000000000000000e+02
-2.000000000000000000e+02
7.718499999999996817e+02
6.133500000000000227e+02
-1.550000000000030695e+02
7.017499999999998863e+02
6.482000000000000455e+02
6.188500000000002501e+02
7.572999999999997272e+02
6.884499999999989086e+02
6.580999999999999091e+02
7.373999999999997499e+02
6.628499999999999091e+02
4.790000000000003411e+01
8.343499999999980901e+02
-4.189999999999992042e+01
5.624999999999837996e+01
7.176999999999998181e+02
7.071999999999998181e+02
6.918999999999989541e+02
-6.289999999999986358e+01
7.326499999999998636e+02
7.717499999999996589e+02
7.703499999999993406e+02
5.333500000000000227e+02
7.500000000000082423e+01
6.105000000000001137e+02
6.002500000000002274e+02
5.787999999999999545e+02
5.395000000000000000e+02
9.539999999999707825e+01
4.500000000000082423e+01
5.396000000000000227e+02
-1.019999999999944862e+01
5.000000000000263789e+00
7.000499999999994998e+02
6.001500000000003183e+02
6.439000000000000909e+02
6.376000000000001364e+02
6.027500000000005684e+02
7.998499999999992269e+02
8.500000000000082423e+01
-6.219999999999990337e+01
8.152999999999994998e+02
1.049999999999999005e+02
6.104500000000000455e+02
-5.564999999999999147e+01
-6.919999999999959073e+01
6.127500000000006821e+02
6.729499999999999318e+02
7.599499999999992497e+02
1.146499999999996078e+02
7.550999999999995680e+02
5.890000000000000000e+02
6.334500000000000455e+02
6.556000000000001364e+02
6.878999999999998636e+02
6.878999999999998636e+02
5.937500000000000000e+02
-6.209999999999990905e+01
1.549999999999971294e+02
6.335500000000000682e+02
-1.071500000000000057e+02
6.777999999999999545e+02
6.235500000000000682e+02
5.848000000000002956e+02
7.366999999999997044e+02
7.194499999999998181e+02
-8.420000000000004547e+01
1.102499999999996874e+02
8.128999999999987267e+02
5.191000000000000227e+02
6.775999999999999091e+02
6.572999999999999545e+02
5.923500000000001364e+02
6.527500000000000000e+02
6.186500000000000909e+02
5.396000000000000227e+02
5.396000000000000227e+02
7.569999999999996589e+02
6.319500000000000455e+02
6.582499999999992042e+02
6.481000000000000227e+02
6.639499999999978854e+02
7.065999999999995680e+02
-5.795000000000010232e+01
5.839500000000000455e+02
-9.080000000000001137e+01
5.532999999999999545e+02
8.144999999999990905e+02
6.971999999999998181e+02
5.547500000000005684e+02
5.445499999999999545e+02
4.954499999999999886e+02
-8.834999999999999432e+01
6.038500000000000227e+02
6.483999999999999773e+02
5.839500000000000455e+02
7.570999999999996817e+02
5.757000000000001592e+02
8.336499999999998636e+02
8.158999999999995225e+02
7.325499999999997272e+02
6.527500000000000000e+02
2.449999999999970441e+02
5.049499999999999886e+02
6.039500000000000455e+02
5.395000000000000000e+02
6.422500000000000000e+02
3.500000000000029132e+01
5.740499999999999545e+02
6.527499999999998863e+02
7.501499999999991815e+02
6.927999999999988177e+02
5.986000000000000227e+02
7.642999999999990450e+02
5.635500000000000682e+02
-1.000000000000000000e+02
8.240999999999994543e+02
6.135500000000000682e+02
7.771499999999987267e+02
7.721499999999996362e+02
7.578499999999987722e+02
2.149999999999969305e+02
5.372000000000003865e+02
6.978999999999998636e+02
6.543999999999995225e+02
1.089999999999982094e+02
5.440500000000000682e+02
6.282000000000000455e+02
8.609499999999994770e+02
6.469999999999998863e+02
6.136500000000000909e+02
6.205499999999971124e+02
1.249999999999994742e+02
6.376000000000001364e+02
6.874500000000002728e+02
6.336500000000000909e+02
6.929499999999999318e+02
5.883000000000000682e+02
6.483999999999999773e+02
9.500000000000082423e+01
5.915000000000004547e+02
8.165999999999996817e+02
-9.050000000000000000e+01
4.500000000000082423e+01
9.500000000000000000e+01
4.700000000000272848e+00
5.091999999999999886e+02
6.645000000000000000e+02
6.470000000000001137e+02
6.136500000000000909e+02
6.611500000000000909e+02
6.039500000000000455e+02
1.349999999999969873e+02
-8.490000000000019043e+01
7.547999999999992724e+02
6.895499999999991587e+02
1.749999999999971010e+02
6.088000000000000682e+02
6.432500000000000000e+02
-5.989999999999966462e+01
6.901499999999994088e+02
5.396000000000000227e+02
5.000000000000140332e+00
6.910999999999984311e+02
6.336500000000000909e+02
5.885500000000002956e+02
6.218000000000004093e+02
-1.120000000000000142e+02
6.532500000000000000e+02
2.499999999999990408e+01
6.336500000000005457e+02
2.549999999999969305e+02
6.038500000000000227e+02
7.059999999999997726e+02
6.413499999999995680e+02
6.323500000000000227e+02
6.778999999999999773e+02
6.226500000000000909e+02
6.623499999999999091e+02
6.561999999999995907e+02
6.632500000000000000e+02
1.500000000000071054e+01
6.118000000000004093e+02
6.733999999999999773e+02
6.336500000000000909e+02
1.491999999999984254e+02
6.633499999999999091e+02
5.785000000000000000e+02
1.949999999999974136e+02
5.247500000000000000e+02
-1.850000000000025011e+02
6.324500000000000455e+02
7.373999999999998636e+02
1.549999999999970441e+02
1.550000000000167688e+00
6.417500000000000000e+02
6.420499999999997272e+02
5.586000000000000227e+02
7.123999999999986130e+02
6.868499999999999091e+02
6.565999999999992269e+02
1.499999999999982236e+01
6.930499999999999545e+02
7.075999999999997954e+02
1.250000000000002132e+02
6.750999999999999091e+02
2.649999999999969873e+02
6.854000000000000909e+02
2.499999999999997868e+01
5.700500000000001819e+02
5.592999999999999545e+02
1.385000000000003695e+01
2.049999999999971010e+02
2.349999999999969305e+02
5.345499999999999545e+02
6.025000000000003411e+02
-7.279999999999999716e+01
6.444000000000002046e+02
7.175999999999999091e+02
5.427500000000000000e+02
7.319499999999995907e+02
6.500000000000045475e+01
-1.931999999999998181e+02
-1.000000000000000000e+02
5.593999999999999773e+02
5.690000000000000000e+02
7.162999999999994998e+02
6.580000000000000000e+02
6.434500000000000455e+02
6.284000000000000909e+02
7.669499999999992497e+02
7.341999999999998181e+02
-2.000000000000000000e+02
6.283000000000000682e+02
6.314499999999995907e+02
7.354999999999997726e+02
5.246499999999999773e+02
7.127499999999998863e+02
3.149999999999969873e+02
5.081999999999999886e+02
-1.000000000000000000e+02
-3.455000000000003979e+01
-1.104000000000000057e+02
7.868999999999996362e+02
-8.439999999999993463e+01
-8.160000000000002274e+01
6.583999999999999773e+02
5.049499999999999886e+02
6.835000000000000000e+02
1.684999999999971010e+01
1.713499999999995680e+02
7.176999999999998181e+02
7.709999999999740794e+01
6.335500000000000682e+02
5.593999999999999773e+02
5.691000000000000227e+02
5.119499999999999886e+02
6.480000000000000000e+02
5.593999999999999773e+02
7.305499999999992724e+02
6.561999999999995907e+02
7.177999999999998408e+02
5.903500000000000227e+02
6.480000000000000000e+02
5.791000000000000227e+02
5.733500000000000227e+02
-1.002999999999999972e+02
6.298000000000005230e+02
5.565000000000000000e+02
2.049999999999970441e+02
1.374999999999998010e+02
6.728499999999999091e+02
5.987000000000000455e+02
5.846000000000000227e+02
-7.270000000000003126e+01
5.148500000000000227e+02
7.173999999999998636e+02
7.717499999999997726e+02
7.369999999999997726e+02
6.670000000000000000e+02
5.840499999999999545e+02
7.173999999999997499e+02
2.349999999999970441e+02
6.433500000000000227e+02
5.104500000000000455e+02
6.868999999999998636e+02
7.325499999999997272e+02
7.513499999999997954e+02
6.496500000000000909e+02
7.696499999999996362e+02
6.086000000000000227e+02
5.950500000000001819e+02
6.979999999999998863e+02
6.480000000000000000e+02
5.635500000000000682e+02
8.653999999999995225e+02
-1.000000000000000000e+02
2.749999999999969873e+02
6.976999999999998181e+02
-4.999999999999883649e+00
6.364000000000000909e+02
5.345499999999999545e+02
5.049499999999999886e+02
5.841499999999999773e+02
6.930499999999999545e+02
-3.089999999999997726e+01
6.757999999999994998e+02
6.329500000000000455e+02
5.692999999999999545e+02
5.346499999999999773e+02
7.244999999999997726e+02
7.520499999999997272e+02
6.483999999999999773e+02
1.171999999999998465e+02
5.928500000000001364e+02
-4.844999999999983942e+01
5.575000000000001137e+02
6.651000000000000227e+02
7.027499999999998863e+02
3.049999999999969873e+02
7.357499999999986358e+02
7.717499999999996589e+02
6.829499999999998181e+02
5.592000000000000455e+02
6.038500000000000227e+02
8.638999999999989541e+02
7.242000000000000455e+02
7.749999999999995453e+02
7.065999999999995680e+02
4.999999999999928058e+00
6.926499999999998636e+02
7.403499999999992269e+02
7.262999999999994998e+02
7.519499999999997044e+02
9.984999999999953957e+01
6.981499999999990678e+02
7.754999999999998863e+02
7.595499999999997272e+02
5.592000000000000455e+02
6.276000000000001364e+02
7.175999999999997954e+02
6.927499999999998863e+02
7.532999999999988177e+02
3.049999999999969873e+02
6.930499999999999545e+02
7.582499999999988631e+02
6.133500000000000227e+02
4.500000000000082423e+01
7.084499999999989086e+02
6.913499999999994543e+02
6.133500000000000227e+02
5.550000000000007958e+02
-1.047500000000000853e+02
-5.000000000000066613e+00
-1.252500000000000000e+02
6.077000000000000455e+02
3.649999999999978400e+02
7.601499999999996362e+02
7.074999999999997726e+02
5.245499999999999545e+02
-9.044999999999998863e+01
6.843000000000000682e+02
7.175999999999999091e+02
1.197499999999992610e+02
-2.500000000000009592e+01
3.680000000000003979e+01
1.649999999999970726e+02
7.322499999999997726e+02
3.500000000000050449e+01
6.525499999999999545e+02
1.500000000000057554e+01
-6.965000000000001990e+01
6.853000000000000682e+02
4.999999999999999112e+00
1.429499999999998181e+02
6.409000000000004320e+02
9.694999999999851070e+01
4.084999999999985221e+01
6.130500000000000682e+02
7.417499999999997726e+02
6.780999999999999091e+02
7.326499999999998636e+02
5.049499999999999886e+02
8.628999999999995225e+02
-1.000000000000000000e+02
7.323499999999996817e+02
6.807499999999997726e+02
1.500000000000002132e+01
6.463499999999985448e+02
6.454999999999995453e+02
1.849999999999969589e+02
1.620000000000018758e+01
7.028499999999999091e+02
7.315499999999996135e+02
7.180999999999987722e+02
5.245499999999999545e+02
6.771999999999999318e+02
-5.379999999999999005e+01
6.425500000000000682e+02
6.308499999999987722e+02
-1.500000000000009237e+01
7.040000000000001137e+02
6.334500000000000455e+02
7.734999999999995453e+02
-1.099500000000000171e+02
5.975000000000001137e+02
6.311500000000002046e+02
9.500000000000082423e+01
6.838999999999989541e+02
5.500000000000082423e+01
6.477999999999999545e+02
-1.050499999999999972e+02
7.325999999999987722e+02
5.346499999999999773e+02
5.742500000000000000e+02
4.999999999999844569e+00
8.500000000000076739e+01
7.917499999999973852e+02
-1.000000000000000000e+02
7.124999999999724309e+01
1.849999999999969305e+02
5.429000000000002046e+02
5.160000000000000000e+02
6.474999999999998863e+02
5.522500000000001137e+02
7.125499999999997272e+02
5.773000000000000682e+02
7.354499999999982265e+02
5.983000000000000682e+02
6.616500000000000909e+02
5.920500000000001819e+02
7.704499999999995907e+02
5.345499999999999545e+02
5.140499999999999545e+02
5.095500000000000682e+02
1.149999999999984936e+02
-1.000000000000000000e+02
7.269999999999997726e+02
1.549999999999969305e+02
1.355000000000005400e+01
-6.404999999999958504e+01
6.483999999999999773e+02
6.927499999999998863e+02
7.841999999999993634e+02
1.459499999999989086e+02
5.444500000000000455e+02
7.072999999999998408e+02
-1.000000000000000000e+02
7.622499999999997726e+02
8.653999999999994088e+02
6.179499999999995907e+02
5.148500000000000227e+02
-1.050499999999999972e+02
5.393999999999999773e+02
5.396000000000000227e+02
7.769499999999991360e+02
6.704499999999993634e+02
1.749999999999969589e+02
1.240999999999989996e+02
5.346499999999999773e+02
1.849999999999969589e+02
1.549999999999971863e+02
-2.500000000000019185e+01
6.500000000000082423e+01
1.731499999999982151e+02
5.500000000000082423e+01
1.349999999999971863e+02
-2.500000000000021316e+01
7.211499999999994088e+02
2.404999999999920135e+01
7.592999999999999545e+02
6.778999999999999773e+02
1.649999999999969873e+02
7.267499999999985221e+02
5.049499999999999886e+02
5.049499999999999886e+02
